mc.csv : 0.736628071967737
rg.csv : 0.7901970171742105
wordsim.csv : 0.4883009835300902